name: mzcst-test
channels:
  - defaults
dependencies:
  - bzip2=1.0.8=h2466b09_7
  - ca-certificates=2025.4.26=h4c7d964_0
  - libexpat=2.7.0=he0c23c2_0
  - libffi=3.4.6=h537db12_1
  - liblzma=5.8.1=h2466b09_1
  - libsqlite=3.49.2=h67fdade_0
  - libzlib=1.3.1=h2466b09_2
  - openssl=3.5.0=ha4e3fda_1
  - pip=25.1.1=pyh8b19718_0
  - python=3.10.17=h8c5b53a_0_cpython
  - setuptools=80.8.0=pyhff2d567_0
  - tk=8.6.13=h5226925_1
  - tzdata=2025b=h04d1e81_0
  - ucrt=10.0.22621.0=h57928b3_1
  - vc=14.42=haa95532_5
  - vc14_runtime=14.42.34438=hfd919c2_26
  - vs2015_runtime=14.42.34438=h7142326_26
  - wheel=0.45.1=pyhd8ed1ab_1
prefix: D:\conda\envs\mzcst-test
